ID	SEX	MATURES	CHILDS	PHYSS	SELFDET	EXTSCORE	DATEDUR	SERIOUS	ALCFREQ	BP
1	2	3.5	1.8	1	3.73333	-40	4	4	2	2.89655
2	1	5	1.8	1	4.86667	-22	1	3	2	1.86207
3	2	2	1.8	1	2.46667	-12	1	2	3	2
4	1	2	1.6	1	5.4	-1	1	2	3	2.06897
5	1	4	4.6	2.33333	6.46667	-30	5	4	2	2.72414
6	1	4	3	1	4.93333	-38	3	3	3	1.93103
7	1	1	1	1	4.4	-25	1	3	3	2.27586
8	2	3.5	1.4	1	2.26667	-8	3	4	3	2.06897
9	2	2	1.4	1	-1.6	3	1	1	3	3.44828
10	1	2	1.8	1	1	.	1	2	1	1.89655
11	1	2	1	1	4.26667	-22	4	5	1	1.10345
12	2	3.5	2.4	1	2.2	-5	3	2	4	3.55172
13	1	4.5	3	2.83333	2.6	-11	3	5	2	3.68966
14	2	4.5	2.8	2.16667	3	-12	3	3	3	2.7931
15	2	4	1.6	1.66667	2.86667	-7	1	3	3	4.03448
16	2	2.5	1.4	1.16667	5.66667	-16	1	3	3	2.72414
17	1	4	2.2	1.16667	3.86667	-31	5	4	2	2.06897
18	1	3.5	2.8	1	2.33333	-29	2	3	3	1.89655
19	1	3	4	1.83333	2.86667	-20	4	3	3	2.55172
20	1	4	1.2	1	6.93333	-31	4	4	2	1.44828
21	2	3.5	1.6	1	2.2	-9	2	3	3	2.93103
22	1	2.5	2.2	1	2.73333	-32	4	3	3	2.28571
23	1	4	2.6	1	4.53333	13	4	2	2	2.31034
24	1	4	1.2	1	-0.6	-14	5	4	2	1.75862
25	1	3.5	2.6	1	3.66667	-12	3	4	2	3.10345
26	1	3	1.8	1	6.53333	-42	4	3	1	2.72414
28	2	3.5	1.6	1.16667	6.66667	0	3	5	4	3.58621
29	1	2	2.4	1.33333	1.26667	-32	4	3	4	2.62069
30	1	2.5	1.8	1	3.66667	-7	3	4	2	2.13793
31	1	5	2.2	1.16667	5.2	-7	3	3	2	2.48276
32	2	2.5	1.6	1	4.8	-30	3	4	1	1.7931
33	1	2.5	1.2	1	4.6	-24	4	4	2	1.86207
34	1	3	1.2	1	3.66667	-36	3	3	3	2.34483
35	1	4	1.2	1	3.53333	-33	5	4	2	2.48276
36	1	2	1.8	1	5.8	-37	2	3	3	1.72414
37	1	4	1.6	1	3.33333	-16	2	3	2	1.48276
38	1	3.5	1.6	1	3.86667	-33	2	3	1	1.68966
39	2	2.5	1.8	1	2.86667	-6	2	4	2	1.72414
40	1	3	1.6	1.33333	5.66667	-19	5	4	2	2.27586
41	1	4	1.6	1	4.4	-13	3	4	4	2.89655
42	1	3.5	1.8	1	3.26667	-34	4	4	1	1.96552
43	1	2.5	1.4	1	2.2	-19	1	3	2	2.62069
44	1	3	3.2	1.16667	2.13333	-14	4	4	3	3.06897
45	1	3	1.6	1	4.2	-37	5	4	2	2.55172
46	2	4.5	1.4	1	6	-16	4	4	3	2.27586
47	2	3.5	1.6	1.16667	4.73333	-21	5	4	3	3.03448
48	2	3.5	2.2	1	4.8	.	1	5	4	2.58621
49	1	3.5	2.2	1	0.6	-31	1	2	2	2.37931
50	2	2	1.8	1	3.2	-16	2	3	3	2.10345
51	1	2	1.6	1.16667	0.6	-29	5	3	1	1.51724
52	1	3.5	1.8	1	3.8	-10	5	4	3	2.68966
53	1	3	1	1	7.5	-20	2	3	3	1.75862
54	1	2.5	2.8	1.16667	4.2	-33	5	4	3	2.17241
55	1	2.5	2.2	1	3	3	3	4	2	2.37931
56	2	3.5	3.6	1.33333	1.53333	-12	1	3	2	2.7931
57	1	3	1.8	1	4.33333	-8	3	4	2	2.37931
58	2	2	1.6	1	4.53333	-35	3	4	2	1.86207
59	2	1.5	1.4	1	5.6	-22	5	5	2	2.93103
60	2	2.5	2.4	1	1.66667	-41	5	4	3	2.58621
61	1	2.5	2	1	2.26667	-30	5	4	1	1.86207
62	1	2	1	1	5	-20	1	3	2	1.75862
63	1	3	1.4	1	5.26667	-6	5	3	3	2.06897
64	1	2.5	3	1.66667	4.1	-8	5	4	4	2.44828
65	1	3	1.6	1	4.86667	-53	5	4	3	1.86207
66	2	3	2.6	1.33333	3	-8	5	4	3	2.93103
67	2	5	3.2	1.33333	5.4	0	5	4	5	2.44828
68	2	2	1.2	1.16667	5.93333	-28	3	4	3	3.68966
69	2	3	4.2	1.4	5.66667	0	5	4	3	3.2069
70	2	3	1.2	1	3	.	4	2	2	2.41379
71	2	3	2.6	1.16667	3.33333	-10	2	3	3	2.44828
72	1	4	1.8	1.33333	4.26667	-21	3	3	3	2.48276
73	1	2.5	2.2	1	1.73333	-22	1	2	2	2.10345
74	1	5	2.4	1.5	7	-10	4	4	2	1.62069
75	1	5	1.2	1	4.26667	-37	2	3	2	1.51724
76	1	2.5	1.4	1	1.66667	-17	1	2	2	2.24138
77	1	2	2	1	3.4	-39	5	3	3	1.51724
78	1	3	2.2	1	2.53333	-35	5	5	2	2.27586
79	1	4.5	2.2	1	6.33333	-20	5	4	2	1.75862
80	1	3.5	3	1	3	-35	3	4	2	2.7931
81	2	3.5	3.6	1.16667	1.46667	-23	4	4	2	2.96552
82	1	4.5	1.8	1	5.73333	-22	4	4	3	2.55172
83	2	3.5	1.4	1	6.06667	-12	4	4	4	1.75862
85	1	2	1.2	1	6	-26	4	4	2	1.24138
86	2	2.5	1.4	1	0.2	-7	5	4	1	1.93103
87	1	2.5	1.8	1	5.4	-25	1	2	2	2.13793
88	1	3.5	2	1	1.73333	-28	1	2	4	1.89655
89	2	2.5	2.4	1	3.73333	-7	1	2	4	2.17241
90	1	4	2	1	2.86667	2	3	3	3	2.37931
91	1	2.5	1.6	1	8	-39	5	4	1	1.48276
92	2	3	2.4	1	2.06667	-18	1	3	4	3.10345
93	1	4	1	1.66667	3.6	-39	1	2	3	2.17241
94	1	5	2.4	1.16667	4	-9	4	3	2	2.48276
95	2	2.5	1.2	1	4.86667	-38	3	5	2	1.82759
96	1	3	2.2	1.16667	5.66667	-36	1	3	1	2.24138
97	1	4	2.6	1	2.46667	-26	5	4	3	1.75862
98	1	4	2	1	4.73333	-29	4	4	2	2.17241
99	1	3.5	2.4	1.16667	3.33333	-29	2	2	3	2.86207
100	2	2.5	1.8	1	3.13333	-23	2	2	1	2.62069
101	1	5	4.2	1.5	4.33333	-7	4	4	4	2.96552
102	1	2	1.6	1.16667	2.53333	-20	1	3	2	1.7931
103	1	4	2.2	1.16667	5.8	-10	3	4	3	2.27586
104	1	3	2.6	1.16667	5.06667	-3	5	4	1	2.34483
105	1	3.5	1.8	1.16667	5.2	-28	3	4	3	2.41379
106	1	3	2.2	1	4.33333	-6	3	3	2	2.82759
107	1	4	1.6	1	1.46667	-34	3	4	2	1.31034
108	2	3	4.6	1.83333	2.86667	-6	4	4	4	3.13793
109	1	3.5	2	1	2.2	-40	5	3	1	2.48276
110	2	4	1.8	1.16667	4.86667	-43	5	5	2	2.75862
111	1	5	2	1.16667	4.66667	-38	5	4	3	1.89655
112	2	5	2.2	1.33333	2.93333	-19	4	3	2	2.03448
113	2	4	1.8	1	2.13333	-13	3	3	4	1.58621
114	1	2	1.4	1	2.8	-15	1	3	3	1.58621
115	2	3.5	1.8	1	3.4	-22	1	3	2	2.75862
116	1	3.5	2.6	1	6.93333	-20	3	4	3	2.2069
117	1	2	1.4	1	3.86667	-33	3	4	1	1.37931
118	1	3	2	1	5.46667	-9	5	4	3	2.2069
119	2	4	2	1.33333	1.6	6	5	4	4	3.71429
120	1	1.5	2	1	6.6	-17	4	4	3	1.55172
121	2	2	2	1.66667	0.66667	-6	1	1	1	2.72414
122	1	1.5	3.4	1.16667	1.2	.	2	3	3	1.82759
123	1	4.5	1.4	1	4.13333	-40	3	4	2	2.10345
124	1	5	1.8	1	4.13333	-41	1	2	4	1.86207
125	2	3.5	3.4	1.33333	-0.73333	-6	2	3	3	3.48276
126	1	3	1.4	1	5	-20	2	3	2	1.58621
127	1	3	1.4	1	5.53333	-16	3	4	3	1.51724
128	1	2.5	1.6	1	3.46667	-3	4	3	2	1.93103
129	1	3.5	2.8	1	5.33333	-29	5	4	1	1.55172
130	2	1.5	2.2	1.16667	1.93333	-7	1	3	1	2.10345
131	1	3	2.6	1	0.6	-7	3	3	3	2.31034
132	2	3	1.4	1	2.93333	-19	1	2	3	2.31034
133	1	2.5	2	1	0.26667	-16	1	2	3	2.82759
134	1	2.5	4	1	0.8	-36	5	4	2	2.72414
135	1	5	5	4.33333	5.2	1	5	4	2	2.06897
136	1	2	4	3	2.73333	-9	5	5	2	3.37931
137	2	2.5	1.8	1.5	6.13333	-8	4	5	3	2.68966
138	1	3	1.6	1	1.6	-33	5	5	2	1.96552
139	1	2.5	2.4	1	3.33333	-32	5	4	2	1.55172
140	1	3.5	1.8	1	3.73333	-24	3	3	2	1.55172
141	1	2.5	1.2	1	7.66667	-9	2	4	3	2.31034
142	1	3	1.2	1	6.06667	-38	1	3	2	1.89655
143	1	2	1.6	1	5.73333	-20	5	5	2	1.75862
144	1	3	1.8	1	4.53333	-25	5	4	3	1.55172
145	2	3	1.8	1	0.46667	5	1	1	2	1.75862
146	1	2	1.8	1.16667	2.86667	-55	3	4	3	1.41379
147	2	3.5	1.8	1.16667	-0.4	-3	1	2	3	2.75862
148	1	2.5	2	1	2.8	-24	4	4	3	1.31034
149	2	3	2.4	1	5.6	-17	4	4	1	1.82759
150	1	.	.	.	.	.	5	4	2	.
151	1	2	1.8	1	3.66667	-3	2	4	3	2.96552
152	1	4	2.2	1	1.86667	-24	5	4	1	2.27586
153	1	4.5	4.8	1.66667	4.93333	-21	1	2	3	2.86207
154	2	3.5	1.6	1	6.6	-19	3	4	2	3.75862
155	1	3.5	2.6	1	-0.6	-17	4	4	3	2
156	2	4.5	1.2	1	5.53333	-15	3	4	3	2.2069
157	2	3.5	1.4	1	3.2	-6	2	3	3	2.34483
158	2	3	1.8	1	3.73333	-25	4	3	3	3
159	2	2	1.2	1	2.53333	-13	3	4	3	1.86207
160	1	3.5	1.6	1	5	-27	3	3	3	1.75862
161	1	2.5	3.6	1	-2.73333	-32	5	4	2	1.62069
162	1	3.5	2.2	1	6	-26	3	4	3	2.41379
163	1	2	1.8	1	1.4	1	4	3	3	2.24138
164	1	4	1.4	1	4.66667	-37	3	4	1	1.27586
165	1	2	2.2	1.16667	5.93333	-30	5	4	3	2.7931
166	1	2.5	3.4	1	5	-27	1	1	3	2.31034
167	1	2.5	1.4	1	5.26667	-45	1	2	3	2.13793
168	1	2.5	2.4	1	6	-34	.	.	2	2.10345
169	1	2.5	1.4	1	4.73333	-25	2	4	3	1.55172
170	1	3	2.2	1	3.46667	-25	3	4	3	2.51724
171	1	2.5	1.6	1	5.6	-26	3	4	3	3.10345
172	2	3	1.6	1	2.73333	-8	3	4	2	2.93103
173	1	2	2.4	1.16667	3.26667	-10	4	3	4	1.68966
174	2	4.5	1.2	1	2.66667	-42	4	3	2	1.75862
175	2	5	2	1.16667	0.06667	-22	4	3	3	2.68966
176	1	2	2.2	1	5.66667	-22	5	4	3	1.96552
177	1	2.5	2.2	1.16667	-1.46667	-21	2	2	4	2.58621
178	1	4	2.2	1	2.53333	-33	1	4	3	2.27586
179	1	4	1.2	1	7	-33	3	3	1	1.44828
180	1	5	2.6	1.16667	4.93333	-34	3	4	3	1.82759
181	1	2.5	2.6	1.66667	6.8	-41	3	4	3	2.72414
183	2	4.5	2.2	1.16667	2.53333	-30	5	4	3	2.03448
184	1	.	3	2	3.53333	-16	4	4	1	2.37931
185	1	3.5	2	1	4.46667	-34	1	1	3	1.51724
186	1	4.5	2.4	1	5.93333	-34	4	4	1	2.34483
187	2	4	2.25	4.66667	-0.4	-6	1	1	4	2.96552
188	1	4.5	2.8	1.33333	3.8	-19	3	3	3	2.31034
189	1	2.5	2	1.33333	6.46667	-31	4	4	2	1.89655
190	1	2	2	1	5.66667	-30	5	4	2	2.17241
191	2	3.5	1.8	1	4	-37	4	4	1	1.75862
192	1	2	3	1	3	-22	5	4	1	1.72414
193	1	1.5	1.2	1	3.86667	-31	3	3	2	1.34483
194	1	2	1.8	1	3.8	-10	2	3	3	1.68966
195	2	3.5	1.6	1	3.26667	6	1	2	3	2.55172
196	2	4.5	2.4	2.33333	3.46667	2	1	1	3	3.75862
197	1	3.5	2.2	1	2.26667	-32	5	4	2	1.58621
198	1	2.5	3.2	1.16667	4.86667	-16	3	4	3	2.10345
199	1	2	1.6	1	3.6	-24	2	3	2	2.17241
200	1	2	2.2	1	5.33333	-4	1	2	3	2.10345
201	2	2	2	1.16667	3.33333	-18	4	4	4	2.93103
202	2	2.5	1	1	6.6	-27	2	4	3	1.82759
203	1	4.5	3	2.83333	-0.66667	-5	1	2	4	3.17241
204	1	3.5	4.8	3.33333	3.93333	-27	5	4	4	3.7931
205	1	2.5	2.4	1	3.66667	-7	3	3	3	2.2069
206	1	3.5	2.6	1	4.66667	-33	5	4	3	1.72414
207	1	3	1.8	1	2.66667	-30	3	4	2	1.75862
208	1	4	1.4	1	3.46667	-24	5	4	2	1.2069
209	1	4	2	1	4.66667	-30	3	4	1	2.44828
210	2	4.5	3	1.5	0.93333	18	5	4	2	2.72414
211	1	4.5	1.8	1	0.86667	1	1	3	3	2.55172
212	1	2	1.4	1	2.86667	-26	1	2	1	1.89655
213	1	1.5	2.6	1	3.4	-14	1	1	3	1.75862
214	1	5	2.4	1	2.2	-10	5	4	1	1.37931
215	1	2.5	1.2	1	3.2	-33	3	3	2	1.58621
216	2	3	1.8	1.16667	1.06667	-18	2	2	2	2.31034
217	1	2	2.2	1.33333	5.73333	-36	3	3	2	2.10345
218	1	5	2.4	1	4.53333	-37	5	3	3	2.41379
219	2	3	3	1.33333	4.4	3	4	4	1	2.89655
220	2	4	2.8	1.16667	2.53333	-6	5	4	3	3.27586
221	1	2.5	2.4	1	2.8	2	5	4	2	2.17241
222	1	3	2.6	3.33333	-0.06667	-1	2	2	2	2.27586
223	1	3	1.6	1	3	-45	1	2	3	1.37931
224	1	3.5	4	1.33333	4.73333	-21	4	4	3	1.96552
225	1	2.5	1.6	1	-0.4	-22	3	3	4	2.2069
226	1	5	1.8	1	3.93333	-24	5	3	3	2.58621
227	1	3	1.6	1	2.13333	-28	4	3	2	2
228	2	3.5	1.6	1	0.53333	.	5	4	3	2.89655
229	1	3	1.8	1.2	2.46667	-25	2	3	3	2.10345
230	1	.	.	.	.	.	3	3	3	.
231	1	2	1.6	1	1	-21	5	4	2	2.32143
232	2	2.5	2	1	4	-12	4	4	3	3
233	2	3	2.6	1.16667	6.26667	-30	3	5	2	2.65517
234	1	2.5	1.8	1	1.13333	-17	4	3	2	1.89655
235	1	3	2.2	1	4.86667	-42	3	3	3	1.89655
236	1	5	1.6	1	4.66667	.	2	5	2	2.27586
237	1	2.5	2	1	5.6	-33	3	5	2	1.34483
238	1	3.5	3	1	4.6	-19	3	3	1	2.17241
239	1	3	2.2	1.16667	0.46667	-3	1	3	3	2.17241
240	1	4	2.6	1.16667	6.06667	-26	4	4	1	2.24138
241	2	3	1.4	1	4	-23	3	4	4	1.96552
242	1	3	1.6	1	1.6	-31	3	3	2	2.7931
243	2	1.5	1.6	1	-0.86667	-2	4	3	3	2.72414
244	1	1.5	1.6	1	2.4	-2	2	2	2	2.75862
245	1	2.5	3	1.16667	5.26667	-12	5	4	3	2.10345
246	1	3	1.8	1	4.66667	-27	1	2	1	2
247	2	2.5	2.4	1	-1	0	5	3	2	1.31034
248	1	2	1.4	1	3.93333	-17	4	4	2	1.55172
249	1	3.5	2.4	1.16667	2.53333	0	1	2	3	2.65517
250	2	4	3	2.16667	2.13333	-6	5	3	4	2.34483
251	2	3.5	2.8	1.16667	5	-8	5	4	3	2.24138
252	1	4	2.2	1	5.4	-40	3	4	2	2.55172
253	1	5	2.2	1	5.86667	-29	5	4	2	2.31034
254	2	3.5	1.6	1	5.66667	-35	4	4	3	3.2069
255	1	2	1.2	1	1.8	-9	3	4	2	2.82759
256	2	4	2	1	2.4	-37	4	4	1	2.44828
257	1	2	1	1	5.33333	-8	1	3	3	2.27586
258	2	3.5	2	1	1.53333	-11	5	5	2	2.86207
259	2	2.5	3.2	1	0	5	5	4	2	2.82759
260	1	3	2	1	4.26667	-30	5	4	2	2.34483
261	1	3.5	2.6	1	5.06667	-23	5	4	3	2.31034
262	1	3	1.8	1	3.06667	-46	2	3	2	1.34483
263	1	2.5	1.8	1	2.13333	-44	3	4	1	1.96552
264	2	3.5	1.4	1.33333	4.8	5	3	4	3	2.13793
265	1	2	3.6	1	5	-20	3	3	1	1.75862
266	1	2	1.6	1	3.93333	-18	1	3	3	2.51724
267	1	4	2	1	4.2	-17	4	3	2	2.17241
268	2	2	1.8	1.16667	3	-36	1	2	3	2.10345
269	1	2.5	2.2	1.16667	5	-35	5	4	2	2.34483
270	1	3	1.2	1	4.6	-33	5	4	3	2.2069
271	1	1	1.8	1.83333	4.6	-25	1	2	2	2.34483
272	1	2	2	1	5.86667	-17	5	3	2	2.06897
273	1	3	2	1	2.06667	-29	3	3	3	1.48276
274	1	2	1.2	1.16667	3.93333	-35	1	3	3	1.89655
275	1	2	2	1.16667	-0.06667	-22	5	4	2	2.27586
276	2	4	1.4	1.16667	4.93333	-12	4	3	5	1.7931
277	1	2.5	2	1	2.33333	-26	3	4	1	3.31034
278	1	3.5	1.2	1	3.13333	-30	4	4	3	1.37931
279	1	3	2.8	1	4.2	-23	3	3	3	2.65517
280	1	3.5	1.2	1	5.33333	-38	4	4	3	1.82759
281	2	3	1.4	1	0.46667	-14	1	2	3	2.86207
282	1	2	3	1	2.33333	-19	2	3	3	3.13793
283	2	4.5	1.6	1.16667	2.33333	-21	4	4	3	2.48276
284	2	5	2.4	1.33333	2.26667	-8	3	4	3	2.93103
285	1	2.5	1.6	1	3.2	-15	1	2	2	1.44828
286	1	2.5	1.4	1	7.33333	-16	5	4	2	1.93103
287	1	3.5	2	1	3.26667	-37	4	4	2	1.89655
288	1	3	1.4	1	4.4	-45	5	4	1	1.48276
289	1	2	1.6	1	4.4	.	5	4	4	2.7931
290	1	3	2.2	1	-0.4	-8	5	3	1	2.7931
291	2	1.5	1	1	3.46667	-5	1	4	1	2.58621
292	1	2.5	3.2	1.16667	2.86667	-28	5	4	2	2.93103
293	1	3.5	1.2	1	3.66667	-8	3	4	3	2.10345
294	1	2.5	1.8	1	3.6	-30	3	4	2	2.37931
295	1	4	2.2	1	3.06667	-21	4	3	2	1.58621
296	1	2	2.8	1.5	0.53333	-12	5	3	3	3.34483
297	1	4.5	2.6	1.16667	4.73333	-26	5	4	2	2.62069
298	2	3.5	2.6	3.8	2.46667	3	3	3	3	3.17241
299	1	2.5	1.8	1.16667	3.8	-33	1	3	1	3
300	2	2	2.2	1	-0.8	-30	1	1	3	3.51724
301	1	3	2.6	1	4.86667	-24	5	4	2	1.41379
302	1	2.5	2	1	3.86667	-29	2	4	2	2.06897
303	1	3	1.6	1	3.13333	-27	1	1	2	1.48276
304	1	2.5	1.4	1	3.33333	-33	4	3	1	2.27586
305	1	2	2.2	1	3.46667	8	5	5	3	1.86207
306	1	2.5	1.8	1	1.93333	-35	5	4	2	1.89655
307	1	2.5	2.4	1	0.53333	-20	3	4	3	2.72414
308	1	3	2.2	1	4.4	-20	5	4	2	2.24138
309	1	4	3.2	1	1.2	-12	4	3	3	2.31034
310	2	3	4.4	2.16667	4.33333	-16	3	4	3	3.75862
311	1	3	1.6	1	3.06667	-26	3	3	3	1.89655
312	1	3	1	1	3.73333	-22	3	4	2	2.75862
313	1	3.5	1.4	1	4.46667	-12	2	2	3	1.89655
314	1	2.5	4	4	-0.53333	-4	5	3	4	1.62069
315	1	4	2.6	1.33333	3.33333	-22	5	2	1	1.96552
316	1	2	2.6	1.16667	4.26667	-12	2	4	2	2.10345
317	1	3.5	3.4	1.66667	3.8	-30	4	4	2	2.13793
318	2	.	.	.	.	.	5	4	2	.
319	1	3.5	2.2	1	0.06667	-41	3	4	1	3
320	2	3.5	1.6	1.16667	4.4	-16	5	4	4	3.51724
321	2	5	2.5	1.16667	3.66667	-23	3	4	3	3.41379
322	1	3	1.4	1	5.26667	-41	3	4	3	1.62069
323	2	2.5	2	1.5	2	6	4	4	2	2.68966
324	1	3	2	1	4.2	-30	4	4	1	1.75862
325	2	4.5	2.4	1	-0.46667	5	4	3	3	3.31034
326	2	2	1.2	1.16667	-0.2	-29	1	1	3	2.82759
327	2	4.5	2.4	1	2.53333	-27	4	4	3	2.41379
328	2	3	2	1	3.86667	-18	5	5	2	2.86207
329	1	4.5	2.6	1	3.53333	-21	4	4	3	2.82759
330	1	4	3.2	1	5.2	-39	3	4	2	2.7931
331	2	3	1.2	1	5.13333	-13	3	4	3	2.86207
332	1	3.5	2.2	1	4.13333	-32	5	3	2	1.75862
333	1	3.5	1.4	1	4.46667	-25	5	4	2	1.55172
334	2	3.5	1.6	1	3.33333	-48	3	3	3	1.93103
335	1	2	1.6	1	5.4	-21	2	4	3	1.96552
336	2	2	1.8	1	2.13333	-17	5	3	3	2.48276
337	1	2	2	1	4.13333	-22	1	1	2	1.93103
338	2	.	.	.	.	.	1	3	3	.
339	2	4	2.8	1.33333	4.6	-7	5	4	4	3.03448
340	2	4	2.6	1.16667	3	3	2	4	3	2.89655
341	1	5	3	1	4.66667	-33	5	5	2	2.58621
342	2	3.5	2.8	1.83333	2.2	-19	1	2	3	3.27586
343	1	2	2.2	1	4.4	-32	1	1	2	1.58621
344	1	2.5	3	1.66667	2.33333	.	1	3	3	3.31034
345	2	3	1	1.16667	5.5	-20	4	3	3	2.17241
346	1	4	1.4	1	3.93333	-18	5	4	1	1.7931
348	1	3	2.2	1	-1.06667	-20	3	3	2	3
349	1	2.5	2.8	1.33333	7	-38	4	4	1	1.93103
350	2	3.5	3.2	1	1.46667	-10	2	3	3	2.93103
351	1	2	3.2	2	2.46667	-12	3	3	2	3.37931
352	2	3	2.2	1.16667	4.53333	-14	4	4	1	2.31034
353	1	3.5	2.2	1	0.4	.	3	2	3	2.41379
354	1	3.5	2.4	1.33333	3.06667	-48	4	4	1	1.58621
355	2	2.5	3	1.16667	6.53333	-22	3	3	2	3
356	2	3	2	1	4.46667	-23	1	2	3	2.62069
357	1	2.5	2	1	1.06667	-4	4	3	2	2.93103
358	1	4.5	2	1	2.66667	8	1	3	1	3.37931
359	2	1.5	1	1	5.2	-8	1	2	1	2.2069
360	1	3	1.4	1	5.53333	-32	5	4	3	2
361	1	4	2.6	1	3.6	-12	1	2	3	1.93103
362	1	2	1.6	1	4	-12	3	3	2	2.27586
363	2	3.5	1.4	1	1.53333	-2	4	4	3	2.17241
364	2	1	2	1	-0.86667	-5	1	1	3	2.51724
365	1	3	1.2	1	4.6	6	5	4	3	2.37931
366	1	3	2.66667	1	3.73333	-17	2	2	2	2.03448
367	1	4.5	3	1	3.66667	-26	4	3	2	2.51724
368	1	4	2.2	1	6.06667	-41	2	4	2	1.86207
369	2	3.5	1.8	1	3.2	-9	1	3	2	3.13793
370	2	2	1.2	1	1.93333	-15	4	3	3	2.51724
371	1	2	2.2	1.66667	2.8	-29	1	2	2	2.89655
372	2	2	2	1	0.93333	-40	1	2	2	2.55172
373	1	2.5	2.6	1	4.33333	-9	4	4	3	2
374	1	3	2.8	2	-0.33333	0	4	3	3	2
375	2	3	3	1.66667	-0.93333	-8	1	3	4	3.37931
376	2	4	1.8	1.16667	0.93333	-17	1	2	3	3.58621
377	2	3.5	1.8	1	5.6	-26	5	4	4	1.89655
378	1	5	1.6	1	2.13333	-8	4	4	2	2.26923
379	1	2	1.6	1.16667	4.33333	-25	5	5	2	2.62069
380	1	2	1.2	1	2.26667	-32	1	1	1	2.17241
381	1	2	2	1	5.13333	-41	3	4	1	2.62069
382	1	3.5	1.4	1	5.13333	-24	1	3	3	2.27586
383	1	3	1.8	1.16667	4.26667	-8	3	4	4	3.34483
384	2	2	1.8	1	3.4	-10	1	2	1	2.41379
385	2	2.5	1.6	1	4.93333	-18	1	3	3	3.2069
386	2	4	1.4	1	5.06667	-26	4	3	3	2.58621
387	1	3.5	1.2	1	4.26667	-29	1	2	3	1.93103
388	1	2	1.4	1	0.8	-3	1	2	4	2.68966
389	2	2.5	2.4	1	1.46667	-21	4	3	3	2.2069
390	1	3	2	1	3.13333	-15	5	4	3	2.68966
391	2	2	2	1	4.66667	-39	3	4	2	2.65517
392	1	3	3.2	1	6.13333	-35	4	4	4	3.10345
393	1	2	1.2	1	5.53333	-42	3	3	3	2.65517
394	1	3	1.6	1.66667	1.93333	-45	5	3	3	1.89655
395	1	3.5	3	1	3.06667	-35	1	3	4	2.37931
396	2	5	1	1	4.13333	-24	1	2	2	2.13793
397	2	2	1.2	1	-0.8	.	1	3	2	2.48276
398	1	4	3	1.16667	0.8	-11	4	2	3	3.10345
399	2	3	1.2	1	1.53333	-32	2	2	3	2.31034
400	1	3	1.4	1	5.86667	-37	2	4	1	1.72414
401	2	2.5	1.6	1	4.6	9	5	4	3	2.37931
402	1	4.5	2.4	1	2.8	-32	4	3	1	2.31034
403	1	3.5	2.8	1.16667	0.26667	-9	5	4	3	2.10345
404	2	4.5	2.8	1.33333	3	-10	1	3	3	3.2069
