"","RiskTaking","EgoStrength","lnEgo","sqrtEgo","lnRisk","sqrtRisk"
"1",2,1,0,1,1.38226144972838,2.56943600076572
"2",3,1,0,1,1.38226144972838,2.56943600076572
"3",4,2,0.693147180559945,1.4142135623731,4.76082011522195,4.63779688525316
"4",4,2,0.693147180559945,1.4142135623731,4.76082011522195,4.63779688525316
"5",5,2,0.693147180559945,1.4142135623731,4.76082011522195,4.63779688525316
"6",5,3,1.09861228866811,1.73205080756888,6.7371502410222,6.2249060128004
"7",5,3,1.09861228866811,1.73205080756888,6.7371502410222,6.2249060128004
"8",6,3,1.09861228866811,1.73205080756888,6.7371502410222,6.2249060128004
"9",8,4,1.38629436111989,2,8.13937878071552,7.5629008999773
"10",8,4,1.38629436111989,2,8.13937878071552,7.5629008999773
"11",9,5,1.6094379124341,2.23606797749979,9.22703173536306,8.74169805945037
"12",10,5,1.6094379124341,2.23606797749979,9.22703173536306,8.74169805945037
"13",10,5,1.6094379124341,2.23606797749979,9.22703173536306,8.74169805945037
"14",10,6,1.79175946922805,2.44948974278318,10.1157089065158,9.80741215312074
"15",11,6,1.79175946922805,2.44948974278318,10.1157089065158,9.80741215312074
"16",11,7,1.94591014905531,2.64575131106459,10.8670747487621,10.7874374053982
"17",12,7,1.94591014905531,2.64575131106459,10.8670747487621,10.7874374053982
"18",12,7,1.94591014905531,2.64575131106459,10.8670747487621,10.7874374053982
"19",12,8,2.07944154167984,2.82842712474619,11.5179374462091,11.6996226689522
"20",12,8,2.07944154167984,2.82842712474619,11.5179374462091,11.6996226689522
"21",11,8,2.07944154167984,2.82842712474619,11.5179374462091,11.6996226689522
"22",12,9,2.19722457733622,3,12.092039032316,12.5563657991889
"23",12,9,2.19722457733622,3,12.092039032316,12.5563657991889
"24",12,10,2.30258509299405,3.16227766016838,12.6055904008566,13.3666935991659
"25",12,10,2.30258509299405,3.16227766016838,12.6055904008566,13.3666935991659
