"","CountryCode","Country","UncertaintyAvoidanceHofstede","REGION2","LTO","LTOOriginal","INDULGE","INDULGEOriginal","WATRES2014","WATRES1962","WaterResources1962Log","WaterPerLandArea2017","WaterPerLandArea2017Log","Precipitation","AVETEMP","Equator","Muslim","PercentOfArgiculturalLand2015","PercentOfArgiculturalLand2015Decimal","RPOPDEN","NATDISAS","LESSCORR","HistoricalWar","CommunicableDiseaseDALYs2000","GNIperCapita2000CurrentIntDollar","GNIperCapita2000CurrentIntDollarLog","GNIPerCapita","GNIPerCapitaLog","GDPPerCapita1950","GDPPerCapita1950Log","FTR","CropYield","ClimaticVariability","UncertaintyAvoidanceValuesHouse","UncertaintyAvoidancePracticesHouse","UncertaintyAvoidanceHofstedeUpdated","LifeExpectancyWorldBank"
"1","Albania","Albania             ",NA,4,61,NA,15,NA,9311,15719,9.66262545072824,98.18,4.58680252862991,1485,14.7,4560,0.6,42.85766602,0.4285766602,0.21406,9.5,39,7,0.021,3980,8.28903709827848,11886,9.38311651592661,1001,6.90875477931522,NA,9.79045,0.1944,NA,4.57,70,77
"2","Angola","Angola              ",NA,7,15,NA,83,NA,5498,25230,10.1357890416351,11.87,2.47401420862158,1010,22,1390,0.02,47.47734018,0.4747734018,0.16452,6.52,18,6,0.705,2790,7.93379687481541,5790,8.66388757056704,1052,6.95844839329766,1,10.3663,0.1306,NA,NA,60,62
"3","Argentina","Argentina           ",86,2,20,20,62,62,6794,13717,9.52639121847841,10.67,2.36743606531366,591,15,3781,0.01,54.33571212,0.5433571212,0.88545,3.56,36,3,0.022,11310,9.33344256911017,18461,9.82341567777057,4987,8.51458980554612,1,10.9527,0.2564,4.66,3.65,86,76
"4","Australia","Australia           ",51,8,21,21,71,71,20932,45802,10.7320830372711,6.4,1.85629799036563,534,22,2780,0.02,47.63065749,0.4763065749,1.87512,4.22,79,3,0.006,25560,10.1487839084915,43560,10.6818945770469,7412,8.91085558740525,1,7.27116,0.4079,3.98,4.39,51,83
"5","Austria","Austria             ",70,3,60,60,63,63,6435,7714,8.95079213876817,66.65,4.19945504662472,1110,6,5264,0.05,32.94172553,0.3294172553,0.15281,3.39,75,0,0.006,29130,10.2795238499535,45415,10.7235977259363,3706,8.21770840684531,1,8.76361,0.3345,3.66,NA,70,81
"6","Bangladesh","Bangladesh          ",60,9,47,47,20,20,659,2058,7.62948991639399,80.66,4.39024278944522,2666,25,2669,0.9,70.38672685,0.7038672685,0.04715,19.17,26,1,0.15,1370,7.22256601882217,3677,8.20985248130127,540,6.29156913955832,NA,10.0501,0.1431,NA,NA,60,72
"7","Belgium","Belgium             ",94,3,82,82,57,57,1071,1301,7.1708884785125,39.63,3.67958640720234,847,10,5644,0.06,43.85733157,0.4385733157,0.07294,3.07,77,3,0.013,28510,10.2580101819067,42158,10.6491797437598,5462,8.60557030203365,1,8.82827,0.3816,NA,NA,94,81
"8","Brazil","Brazil              ",76,2,44,44,59,59,27721,73929,11.210860452151,67.73,4.21552921322681,1761,25,1112,0,33.98878219,0.3398878219,0.38233,4.09,40,0,0.035,8800,9.0825070004663,13755,9.52915767335868,1672,7.42177579364465,1,9.94768,0.1511,4.99,3.6,76,74
"9","Bulgaria","Bulgaria            ",NA,4,69,69,16,16,2907,2621,7.87131120332341,19.34,2.96217549002515,608,11,4745,0.14,46.16709564,0.4616709564,0.496,4.22,41,3,0.016,6270,8.74353163362697,18740,9.83841555579241,1651,7.40913644392013,NA,10.1722,0.4144,NA,NA,85,74
"10","Burkina Faso","Burkina Faso        ",NA,7,27,NA,18,NA,711,2520,7.83201418050547,4.57,1.51951320490611,748,28,1390,0.61,44.2251462,0.442251462,0.31261,9.54,42,0,0.671,920,6.82437367004309,1650,7.40853056689463,474,6.16120732169508,NA,10.0123,0.2581,NA,NA,55,60
"11","Canada","Canada              ",48,1,36,36,68,68,80202,153111,11.9389184275299,31.79,3.45915177492271,537,-6,6685,0.02,6.890210625,0.06890210625,1.18792,3.01,82,2,0.008,28590,10.2608122853164,43433,10.6789747998183,7291,8.89439598980643,1,3.80792,0.4173,3.75,4.58,48,82
"12","Cape Verde","Cape Verde          ",NA,7,12,NA,83,NA,NA,1428,7.26403014289953,7.44,2.006870848845,228,23.3,1780,0.001,19.60297767,0.1960297767,0.095,10.39,59,0,0.08,2960,7.99294454731811,6120,8.71931737550637,450,6.10924758276437,1,1.74228,0.1461,NA,NA,40,75
"13","Chile","Chile               ",86,2,31,31,68,68,50245,109704,11.6055411086797,119.03,4.77937556217979,1522,8,3336,0,21.22975116,0.2122975116,0.07272,11.65,66,2,0.014,9220,9.12913031655064,21910,9.99469843258951,3670,8.20794694104862,1,5.92772,0.2444,NA,NA,86,79
"14","China","China               ",30,10,87,87,24,24,2062,4225,8.34877453979127,29.83,3.39551459852666,645,7,3893,0.02,56.22295728,0.5622295728,0.08583,6.39,40,6,0.026,2890,7.96901178110648,15270,9.63364539821268,448,6.10479323241498,0,9.58561,0.1431,5.28,4.94,30,78
"15","Colombia","Colombia            ",80,2,13,13,83,83,44882,122570,11.7164375743352,193.33,5.26439857334441,3240,25,444,0,40.25741466,0.4025741466,0.03442,6.45,37,2,0.023,6550,8.7872203286293,12938,9.46792399660393,2153,7.67461749736436,1,7.7883,0.2245,4.98,3.57,80,75
"16","Croatia","Croatia             ",80,4,58,58,33,33,8895,8239,9.01663425631559,66.62,4.19900483276553,1113,11,5023,0.01,27.47676868,0.2747676868,0.2046,3.97,49,2,0.01,10390,9.24859908409327,23601,10.0690443629974,1551,7.34665516317654,1,12.3799,0.4293,NA,NA,80,78
"17","Czech Republic","Czech Republic      ",74,4,70,70,29,29,1249,1242,7.12447826249342,17.03,2.8349764946746,677,8,5541,0,45.25320554,0.4525320554,0.29609,3.37,55,6,0.009,15930,9.67595940290409,31401,10.354595018523,1551,7.34665516317654,1,8.82363,0.4091,NA,NA,74,78
"18","Denmark","Denmark             ",23,4,35,35,70,70,1063,1291,7.16317239084664,15,2.70805020110221,703,8,6228,0.04,62.18147178,0.6218147178,0.40748,2.89,90,3,0.007,28020,10.240673819891,47918,10.7772464956913,6943,8.84548923675327,1,8.6364,0.3292,3.82,5.22,23,82
"19","Dominican Republic","Dominican Republic  ",NA,2,13,NA,54,NA,2258,6674,8.80597465931132,48.64,3.88444623765791,1410,25,3768,0.08,48.68557235,0.4868557235,0.0743,10.96,31,0,0.074,6480,8.77647578934632,13921,9.54115377038857,1027,6.93439720992856,1,12.0485,0.2372,NA,NA,45,73
"20","Egypt","Egypt               ",80,7,7,NA,4,NA,20,36,3.58351893845611,0.1,-2.30258509299405,51,22,3003,0.89,3.807192845,0.03807192845,0.02968,2.29,34,10,0.055,5820,8.66905554072548,10031,9.21343557688349,910,6.8134445995109,NA,1.73299,0.1101,5.36,4.06,80,71
"21","El Salvador","El Salvador         ",NA,2,20,20,89,89,2488,5338,8.58260632996447,75.43,4.32320507386554,1784,24,1538,0,75.53088803,0.7553088803,0.11759,16.05,36,0,0.044,4350,8.37793112408273,6868,8.83462822201737,1489,7.30586003268401,1,11.3018,0.2009,NA,3.62,94,71
"22","Estonia","Estonia             ",60,4,82,82,16,16,9669,8290,9.02280524812934,29.24,3.37553763488158,626,5,6562,0,22.84334023,0.2284334023,0.50909,2.36,70,3,0.016,9070,9.11272754310918,26854,10.1981700646327,2841,7.95191138185419,0,7.68316,0.4099,NA,NA,60,78
"23","Finland","Finland             ",59,4,38,38,57,57,19592,23823,10.0784067795633,35.21,3.56133013316696,536,2,7118,0,7.480503775,0.07480503775,0.40685,2.21,89,4,0.011,26630,10.189793678808,41002,10.6213761249845,4253,8.35537989525363,0,3.00915,0.4099,3.85,5.02,59,82
"24","France","France              ",86,3,63,63,48,48,3016,4156,8.33230835221912,36.53,3.59813384080719,867,11,5116,0.08,52.46376323,0.5246376323,0.27531,2.62,69,13,0.01,26510,10.1852772992831,39254,10.577808628846,5271,8.56997537685521,1,9.98747,0.4575,4.26,4.43,86,82
"25","Germany","Germany             ",65,3,83,83,40,40,1321,1445,7.27586460054653,30.63,3.42197992084468,700,9,5728,0.06,47.9592063,0.479592063,0.14329,2.95,81,11,0.008,27060,10.2058119017248,46136,10.7393488352952,3881,8.26384813136891,1,9.03823,0.3295,3.63,5.19,65,81
"26","Ghana","Ghana               ",65,7,4,NA,72,NA,1124,4276,8.36077327214494,13.32,2.58926666511224,1187,27,900,0.16,68.99885734,0.6899885734,0.163,8.39,43,1,0.315,1740,7.46164039220858,4096,8.31776616671934,1122,7.02286808608264,NA,11.0249,0.284,NA,NA,65,64
"27","Greece","Greece              ",100,4,45,45,50,50,5325,6865,8.83419131820207,45,3.80666248977032,652,15,4337,0.05,48.09154383,0.4809154383,0.20668,6.7,44,7,0.007,NA,NA,24648,10.1124510402765,1915,7.55747290161475,1,7.93394,0.1502,5.09,3.39,100,81
"28","Hong Kong","Hong Kong           ",29,10,61,61,17,17,NA,4225,8.35,29.83,3.39551459852666,NA,23,2474,0.02,4.857142766,0.04857142766,0.001,6.39,77,6,NA,28480,10.2569573655259,53710,10.8913544828995,2218,7.70436116791031,0,12.2626,0.1431,4.63,4.32,29,85
"29","Hungary","Hungary             ",82,4,58,NA,31,NA,608,596,6.39024066706535,6.57,1.88251383249652,589,10,5227,0,58.14647078,0.5814647078,0.45109,5.32,48,5,0.009,11170,9.32098689206325,25393,10.1422288244734,2480,7.81601383915903,1,11.7118,0.4095,4.66,3.12,82,76
"30","Iceland","Iceland             ",NA,3,28,NA,67,NA,519265,932130,13.7452275689191,169.58,5.13332479187586,1940,2,7227,0,18.67331671,0.1867331671,0.35454,1.52,78,0,0.006,28680,10.2639552947136,45810,10.7322576868808,6943,8.84548923675327,1,0,0.4229,NA,NA,50,83
"31","India","India               ",40,9,51,51,26,26,1118,3091,8.03624994213212,48.63,3.88424062441569,1083,24,2447,0.14,60.44719645,0.6044719645,0.11683,6.64,40,16,0.184,2070,7.63530388625941,6353,8.75668242126653,619,6.4281052726846,NA,10.6122,0.1398,4.73,4.15,40,70
"32","Indonesia","Indonesia           ",48,9,62,62,36,38,7914,21813,9.99026140131817,107.54,4.67786287138153,2702,26,556,0.87,31.46442036,0.3146442036,0.08902,10.24,37,3,0.102,4430,8.39615486303918,10846,9.29155162740101,840,6.73340189183736,NA,7.93651,0.1587,5.23,4.17,48,69
"33","Iran, Islamic Republic of...","Iran                ",59,6,14,14,40,40,1639,5570,8.62515033292133,7.89,2.06559613485778,228,17,2211,0.99,28.21410153,0.2821410153,0.18096,4.73,29,8,0.025,10300,9.23989917421773,19130,9.8590130624343,1720,7.4500795698075,NA,3.86054,0.2209,5.36,3.67,59,75
"34","Iraq","Iraq                ",85,6,25,NA,17,NA,1006,4578,8.42901750051251,8.11,2.09309786812732,216,21,2280,0.99,21.42225296,0.2142225296,0.13152,4.49,17,12,0.058,9520,9.16115012778541,17789,9.78633556772527,1364,7.21817683840341,NA,3.70319,0.1233,NA,NA,85,69
"35","Ireland","Ireland             ",35,3,24,24,65,65,10520,17278,9.75718929491883,71.13,4.26450918874542,1118,9,5941,0.01,64.30541443,0.6430541443,0.21377,4.6,73,0,0.012,26310,10.1777043740343,53754,10.8921733618256,3453,8.14699869738999,1,5.43072,0.3292,4.02,4.3,35,82
"36","Israel","Israel              ",81,6,38,38,NA,NA,91,327,5.78996017089725,3.47,1.24415459395877,NA,19,3503,0.19,24.67190501,0.2467190501,0.03411,2.3,64,16,0.008,23440,10.0621992436909,32711,10.3954666917557,2817,7.94342776787637,1,5.31539,0.3795,4.38,4.01,81,83
"37","Italy","Italy               ",75,3,61,61,30,30,3002,3578,8.18255926406867,62.05,4.12794051165062,832,13,4764,0.04,44.00965527,0.4400965527,0.10901,4.42,47,7,0.007,26980,10.2028511297617,35299,10.4716099139082,3502,8.1610895128458,1,10.2678,0.2575,4.47,3.79,75,82
"38","Japan","Japan               ",92,10,88,88,42,42,3378,4487,8.40893960597598,117.97,4.77043035485375,1668,11,3969,0,12.33267501,0.1233267501,0.03313,12.99,72,13,0.014,27220,10.2117072762055,38986,10.5709578863061,1921,7.56060116276856,0,10.5344,0.3298,4.33,4.07,92,85
"39","Jordan","Jordan              ",65,6,16,NA,43,NA,77,675,6.51471269087253,0.77,-0.261364764134408,111,18,3448,0.97,11.89795054,0.1189795054,0.02352,4.58,48,5,0.024,6010,8.70118002752925,8288,9.02256396449926,1663,7.41637847919293,NA,2.66956,0.0925,NA,NA,65,75
"40","Latvia","Latvia              ",63,4,69,69,13,13,8496,6480,8.77647578934632,27.27,3.3057871968575,641,6,6340,0,30.30717272,0.3030717272,0.63368,3.31,57,3,0.016,8020,8.98969370086056,22845,10.0364875539974,2841,7.95191138185419,NA,8.27747,0.3348,NA,NA,63,75
"41","Lebanon","Lebanon             ",50,6,14,NA,25,NA,857,2493,7.82124208352356,46.92,3.84844402378527,661,16,3763,0.55,64.32062561,0.6432062561,0.0217,5.01,28,6,0.017,9120,9.11822508306838,13378,9.50136684567835,2429,7.79523492900217,1,6.10771,0.0521,NA,NA,50,78
"42","Libya","Libya               ",68,7,23,23,34,34,113,451,6.11146733950268,0.04,-3.2188758248682,56,22,3114,0.97,8.723871012,0.08723871012,0.26982,3.79,14,4,0.022,NA,NA,11100,9.31470038730042,857,6.75343791859778,NA,3.3219,0.1836,NA,NA,68,72
"43","Lithuania","Lithuania           ",NA,4,82,82,16,16,5272,4178,8.33758794211651,24.68,3.20599319903719,656,6,6163,0,47.97924824,0.4797924824,0.7685,2.92,59,8,0.013,8300,9.02401079378469,25311,10.1389943628337,2841,7.95191138185419,1,8.7205,0.3218,NA,NA,NA,75
"44","Luxembourg","Luxembourg          ",NA,5,64,64,56,56,1798,3118,8.04494704961772,41.15,3.71722392712308,934,9,5533,0.02,54.02057789,0.5402057789,0.10476,2.43,81,2,0.008,49060,10.8007993178125,65016,11.082388672433,NA,NA,1,8.78983,0.3303,NA,NA,70,82
"45","Malaysia","Malaysia            ",36,9,41,41,57,57,19187,66722,11.1082900126025,176.53,5.17349083360119,2875,25,278,0.64,26.0842177,0.260842177,0.03017,6.39,49,0,0.029,11870,9.38176948760371,26107,10.1699587565855,1559,7.35179986905778,0,7.53767,0.1139,4.88,4.78,36,76
"46","Malta","Malta               ",NA,4,47,47,66,66,116,156,5.04985600724954,15.78,2.75874331541773,560,19,3995,0,31.96874857,0.3196874857,0.01928,0.6,55,0,0.011,17670,9.77962356531374,34396,10.4456955575308,NA,NA,NA,6.78785,0.1809,NA,NA,96,83
"47","Mauritius","Mauritius           ",NA,7,NA,NA,NA,NA,2182,3928,8.27588566947436,135.52,4.90911923090374,NA,22,2257,0.17,42.37,0.4237,0.05852,15.53,54,0,0.017,9000,9.10497985631836,20189,9.91289318061022,2490,7.82003798945875,NA,10.889,0.1452,NA,NA,NA,74
"48","Mexico","Mexico              ",82,2,24,24,97,97,3293,10062,9.21652123105126,21.04,3.04642538786951,758,21,1589,0,54.90264667,0.5490264667,0.1774,5.97,30,0,0.026,10850,9.29192035896861,16944,9.73766906784119,2365,7.76853330092603,1,8.59549,0.2298,5.26,4.18,82,70
"49","Morocco","Morocco             ",68,7,14,14,25,25,845,2215,7.70300768247924,6.5,1.87180217690159,350,17,2211,1,68.54470087,0.6854470087,0.22748,6.45,37,9,0.051,3510,8.16337131645991,7340,8.90109412160856,1455,7.28276117960559,NA,5.63753,0.2276,5.32,3.65,68,74
"50","Mozambique","Mozambique          ",NA,7,11,NA,80,NA,3686,13027,9.47477940569756,12.75,2.54553127160443,1032,24,2029,0.18,63.51890943,0.6351890943,0.19044,8.69,27,1,0.631,460,6.13122648948314,1093,6.99668148817654,1133,7.03262426102801,NA,12.1916,0.1964,NA,NA,44,61
"51","Namibia","Namibia             ",45,7,35,NA,NA,NA,NA,9262,9.1336752870407,0.75,-0.287682072451781,285,19.95,2447,0.003,47.13891824,0.4713891824,0.346,5.37,52,0,0.38,5270,8.56978564153541,8948,9.09918532261002,2160,7.67786350067821,NA,5.90922,0.2474,5.13,4.2,45,63
"52","Netherlands","Netherlands         ",53,3,67,67,68,68,652,932,6.83733281468559,32.67,3.48645722561298,778,9,4222,0.05,54.52656575,0.5452656575,0.06029,8.24,83,0,0.01,32460,10.3877638410686,47900,10.776870783399,5996,8.69884785922249,1,8.26294,0.3292,3.24,4.7,53,81
"53","New Zealand","New Zealand         ",49,8,33,33,75,75,72510,131749,11.788653876242,124.19,4.82181265095994,1732,11,4671,0.01,41.16820478,0.4116820478,0.12307,4.55,90,1,0.006,20290,9.91788343281986,33970,10.4332330611546,8456,9.04263152755007,1,7.24015,0.2178,4.1,4.75,49,82
"54","Nigeria","Nigeria             ",55,7,13,NA,84,NA,1252,4699,8.45510499910282,24.27,3.18924101973851,1150,27,1112,0.49,77.73642083,0.7773642083,0.17812,7.98,28,8,0.622,2090,7.64491934495886,5231,8.56235774337061,753,6.62406522779989,NA,9.90999,0.2079,5.6,4.29,55,53
"55","Norway","Norway              ",50,5,35,35,55,55,74359,104976,11.5614870315847,104.62,4.65033473794247,1414,6,6896,0.04,2.700569279,0.02700569279,0.15251,2.19,85,2,0.011,36480,10.5045194441883,68012,11.1274394391774,5430,8.59969441292798,1,4.70459,0.3334,NA,NA,50,83
"56","Pakistan","Pakistan            ",70,9,50,50,0,0,NA,1165,7.0604763659998,7.13,1.9643112344262,494,20.2,3337,0.964,46.96191366,0.4696191366,0.152,6.96,32,14,0.217,2560,7.84776253747361,3873,8.26178467951475,643,6.46614472423762,NA,6.6074,0.1918,NA,NA,70,66
"57","Peru","Peru                ",87,2,25,25,46,46,52981,154075,11.9451947758304,128.2,4.85359154448657,1738,20,1112,0,18.2296875,0.182296875,0.12907,6.59,35,10,0.056,4930,8.50309426703674,11789,9.37492217229213,2308,7.74413662762799,1,8.06085,0.2517,NA,NA,87,74
"58","Philippines","Philippines         ",44,9,27,27,42,42,4785,17058,9.74437458087906,160.65,5.07922808556187,2348,26,1138,0.06,41.72116578,0.4172116578,0.05328,26.7,35,2,0.086,3760,8.23217423638394,9154,9.12194622121359,1070,6.97541392745595,NA,9.13698,0.1603,5.14,3.89,44,72
"59","Poland","Poland              ",93,4,38,38,29,29,1410,1768,7.47760424319759,17.51,2.86277214629776,600,8,5783,0,46.9349097,0.469349097,0.28668,3.45,62,7,0.01,10630,9.27143547133599,26150,10.1716044694931,2447,7.80261806344267,1,9.63109,0.4095,4.71,3.62,93,73
"60","Portugal","Portugal            ",99,5,28,28,33,33,3653,4225,8.34877453979127,41.48,3.72521138336133,854,15,4415,0.01,40.33465264,0.4033465264,0.11001,3.45,62,2,0.022,18580,9.82984101236783,27315,10.2151912808298,2086,7.64300363556072,1,8.08248,0.1979,4.43,3.91,99,81
"61","Romania","Romania             ",90,4,52,52,20,20,2129,2269,7.72709448477984,18.42,2.91343703082716,637,9,5116,0,60.23122392,0.6023122392,0.44709,5.92,48,8,0.023,5810,8.66733584984596,22646,10.027738514874,1182,7.07496319796604,1,10.5922,0.23,NA,NA,90,74
"62","Russian Federation","Russia              ",95,4,81,81,20,20,29982,29030,10.2760850570187,26.33,3.27070897350822,460,-5,6673,0.12,13.29447034,0.1329447034,0.85208,3.58,29,13,0.029,6650,8.8023721336499,24231,10.0953880841104,2841,7.95191138185419,1,4.49442,0.493,5.07,2.88,95,71
"63","Saudi Arabia","Saudi Arabia        ",80,6,36,NA,52,NA,78,550,6.30991827822652,0.11,-2.20727491318972,59,25,2780,0.93,80.77230031,0.8077230031,0.10632,1.14,46,2,0.022,40070,10.5983832036302,49680,10.8133577166074,2231,7.71020519443253,NA,1.32776,0.3167,NA,NA,80,76
"64","Senegal","Senegal             ",55,7,25,NA,NA,NA,NA,7618,8.93826914703855,13.4,2.59525470695687,686,27.85,1613,0.964,46.06035423,0.4606035423,0.22,10.38,45,1,0.373,1860,7.52833176670725,2669,7.88945914940452,1259,7.13807303404435,NA,8.08403,0.199,NA,NA,55,68
"65","Serbia","Serbia              ",92,4,52,52,28,28,1179,1139,7.03790596344718,9.61,2.2628042229822,NA,11,4985,0.04,39.65812943,0.3965812943,0.36897,7.12,42,0,0.01,6020,8.70284253830287,14654,9.59246861471991,1551,7.34665516317654,NA,11.1074,0.3865,NA,NA,92,74
"66","Singapore","Singapore           ",8,9,72,72,46,46,110,343,5.83773044716594,29.83,3.39551459852666,2497,26,152,0.14,0.930888592,0.00930888592,1e-04,2.27,84,0,0.013,43570,10.6821241191115,82503,11.320589935298,2219,7.70481192293259,NA,7.33076,0.1159,4.22,5.31,8,84
"67","Slovakia","Slovakia            ",51,4,77,77,28,28,2325,2317,7.74802852443238,26.21,3.26614101733532,824,7,5413,0,39.27873006,0.3927873006,0.25414,3.39,51,0,0.011,11340,9.33609157728174,25319,10.1393103810074,1551,7.34665516317654,1,9.74251,0.4086,NA,NA,51,77
"68","Slovenia","Slovenia            ",88,4,49,49,48,48,9054,9351,9.14323856843545,92.71,4.52947634161889,1162,9,5125,0,30.60627661,0.3060627661,0.08905,3.41,61,6,0.01,17970,9.7964589797776,33229,10.4111782676066,1551,7.34665516317654,1,10.1792,0.4287,4.99,3.78,88,81
"69","South Africa","South Africa        ",49,7,34,34,63,63,821,2435,7.79770203551669,3.69,1.30562645805244,495,17,3225,0.01,79.83002086,0.7983002086,0.22039,5.58,45,1,0.322,7540,8.927977461002,11923,9.38622458680613,2535,7.83794891602528,NA,8.80263,0.2928,4.73,4.34,49,65
"70","South Korea","South Korea         ",85,10,100,100,29,29,NA,2446,7.80220931624712,66.51,4.19735231229633,NA,12,4059,0,17.81517779,0.1781517779,0.02846,4.59,53,5,0.01,18420,9.8211923098093,35731,10.4837739383112,854,6.74993119378857,1,13.8951,0.2533,4.67,3.55,85,83
"71","Spain","Spain               ",86,5,48,48,44,44,2392,3584,8.18423477409482,22.66,3.12060125559986,636,13,4449,0.02,53.18906052,0.5318906052,0.26492,3.05,58,3,0.01,21440,9.97301361518474,34258,10.4416753930579,2189,7.69120009752286,1,7.90467,0.2355,4.76,3.97,86,82
"72","Sri Lanka","Sri Lanka           ",45,9,45,NA,NA,NA,NA,5100,8.53699581871242,85.31,4.4462916809206,1712,26.95,876,0.098,43.69319088,0.4369319088,0.062,7.32,36,0,0.026,4270,8.35936910622267,9746,9.18461222340345,1253,7.13329595489607,NA,10.579,0.1844,NA,NA,45,76
"73","Switzerland","Switzerland         ",58,3,74,74,66,66,4934,7248,8.88848084772282,102.24,4.62732299062922,1537,6,5227,0.05,38.43835449,0.3843835449,0.12799,2.37,86,1,0.009,38140,10.5490188791544,57625,10.961711780299,9064,9.11206580270784,1,8.00059,0.3547,3.16,5.175,58,83
"74","Sweden","Sweden              ",29,4,53,53,78,78,17636,22614,10.0263244624952,41.98,3.73719331439249,624,2,6896,0.05,7.463111755,0.07463111755,0.25636,2.12,88,3,0.009,29650,10.2972174044259,47766,10.7740693683166,6739,8.81566682494622,1,5.24355,0.3301,3.6,5.32,29,82
"75","Syrian Arab Republic","Syria               ",NA,7,30,NA,NA,NA,NA,1463,7.28824440102012,3.88,1.35583515363518,252,17.75,3871,0.928,75.81005282,0.7581005282,0.259,5.69,13,6,0.027,NA,NA,5340,8.58298093195424,2409,7.78696700261487,NA,4.12552,0.0922,NA,NA,60,72
"76","Thailand","Thailand            ",64,9,32,32,45,45,3281,7720,8.95156964301882,43.94,3.78282506695646,1622,26,1724,0.06,43.27741784,0.4327741784,0.24349,6.19,35,1,0.076,7160,8.87626525995469,15516,9.64962702855986,817,6.70563909486,1,10.3554,0.1008,5.61,3.93,64,79
"77","Trinidad and Tobago","Trinidad and Tobago ",NA,2,13,13,80,80,2835,4364,8.38114434695296,74.85,4.31548611086564,2200,26,1223,0.06,10.52631579,0.1052631579,0.01826,7.5,35,0,0.032,13430,9.50524628951728,28622,10.2619309318708,3674,8.20903626577507,1,10.804,0.1461,NA,NA,55,74
"78","Turkey","Turkey              ",85,6,46,46,49,49,2947,7873,8.97119446318447,29.49,3.38405122282718,593,11,4337,0.98,50.0838065,0.500838065,0.25568,5.2,41,11,0.021,9490,9.15799389160397,24804,10.1187602094698,1623,7.39203156751459,1,7.98291,0.1747,4.67,3.63,85,76
"79","Ukraine","Ukraine             ",95,4,55,NA,18,NA,1217,1057,6.96318998587024,9.51,2.2523438765573,565,8,5450,0.01,71.65323068,0.7165323068,0.72586,2.97,29,0,0.025,3980,8.28903709827848,12180,9.40755054126389,2841,7.95191138185419,NA,9.86964,0.2508,NA,NA,95,71
"80","United Kingdom","United Kingdom      ",35,3,51,51,69,69,2244,2723,7.90948949267376,59.93,4.09317721447009,1154,8,6090,0.04,70.83867234,0.7083867234,0.09105,3.54,81,15,0.018,26520,10.1856544442998,39116,10.5742868694322,6939,8.84491295089955,1,6.29142,0.3292,4.11,NA,35,81
"81","United Republic of Tanzania","Tanzania            ",NA,7,34,NA,38,NA,NA,7886,8.97284431443757,9.48,2.24918431626693,1071,22.35,667,0.352,44.76179725,0.4476179725,0.262,7.65,32,1,0.507,1180,7.07326971745971,2061,7.63094658089046,424,6.04973345523196,NA,12.1883,0.1905,NA,NA,50,66
"82","USA","United States       ",46,1,26,26,68,68,8844,15107,9.62291349154373,30.81,3.42783931260858,715,9,4422,0.01,44.369068,0.44369068,0.46747,3.76,74,8,0.013,36800,10.513253124157,54941,10.9140151611582,9561,9.16544760308545,1,9.36545,0.4115,4,4.15,46,77
"83","Uruguay","Uruguay             ",NA,2,26,26,53,53,26963,35409,10.4747213040972,52.68,3.96423587687508,1300,18,3670,0,82.55970523,0.8255970523,0.69736,4.03,71,0,0.017,10230,9.23307985894567,17969,9.79640332992645,4659,8.4465561118168,1,17.9942,0.2348,NA,NA,98,78
"84","Venezuela","Venezuela           ",76,2,16,16,100,100,26189,91575,11.424913587647,91.26,4.51371257549926,2044,25,889,0,24.48840769,0.2448840769,0.08444,5.93,17,1,0.027,11610,9.35962207469194,10672,9.2753787681554,7462,8.9175787537811,1,9.89457,0.2266,5.26,3.44,76,71
"85","Viet Nam","Vietnam             ",30,9,57,57,35,35,3884,10362,9.24590054737473,115.91,4.75281402790065,1821,24,1798,0,39.25565195,0.3925565195,0.07325,12.53,33,9,0.053,2120,7.65917136766606,5147,8.54616929965275,658,6.48920493132532,1,9.32146,0.175,NA,NA,30,75
"86","Taiwan","Taiwan              ",69,10,93,93,49,49,NA,4225,8.35,29.83,3.39551459852666,NA,22,2669,0,56.09,0.5609,NA,6.39,38,5,NA,NA,NA,38200,10.5505907945947,924,6.82871207164168,0,8.53494,0.1577,5.31,4.34,69,81
"87","Zambia","Zambia              ",50,7,30,NA,42,NA,5134,24749,10.1165403631402,10.79,2.37861977927004,1020,21,1594,0.01,32.06392338,0.3206392338,0.2223,7.25,38,4,0.751,1570,7.35883089834235,3557,8.17667277194846,661,6.49375383985169,NA,12.3878,0.1786,4.67,4.1,50,62
"88","Puerto Rico","Puerto Rico         ",NA,2,19,NA,99,NA,NA,2898,7.97177612288063,80.05,4.38265143944272,2054,26,2029,0,22.28861296,0.2228861296,0.015,NA,NA,0,NA,15410,9.64277192831416,21820,9.99058225938706,2144,7.67042852219069,1,12.5796,0.2355,NA,NA,38,78
